00000001
01001011
01001000
00100000
00000010
01010011
10001000
00100010
00000000
10100110
00100000
00100100
00000001
10101110
01100000
00100101
00000010
11010111
10101000
00101010
00000000
01000011
00001000
00100000
00000001
00001001
00111000
00100010
00000001
01101100
01010000
00100100
00000001
11001111
01101000
00100101
00000010
00110010
10000000
00101010
00000010
10010101
10011000
00100000
00000010
11111000
10110000
00100010
00000011
01011011
11001000
00100100
00000011
10111110
11100000
00100101
00000000
00000001
11111000
00101010
00000000
11000111
00101000
00100000
00000001
00101010
01000000
00100010
00000001
10001101
01011000
00100100
00000001
11110000
01110000
00100101
00000010
01010011
10001000
00101010
